& & & & \\ \hline 
Threshold = 0.0& $0.1197 \pm 0.001201$& $0.00814 \pm 8.986e-08$& 0.9716\\ \hline 
Threshold = 18.4& $0.01288 \pm 3.95e-05$& $0.009494 \pm 2.264e-07$& 0.9756\\ \hline 
